78.26497026 94.89059305 50.37626035 32.52176604 59.5064989  15.34058675
 18.9176648  40.95534511 59.41805989  3.14368378 84.66310989 68.80093695
 63.84122007 35.08403338  5.22509086 60.7785729  40.85647775 35.0214396 
  9.99524917 35.0901258  22.2194062   6.44547672 94.26216395 79.29060093
 52.54828189 93.50952794  9.50814256 28.4391414  83.3055527  17.24026447
 82.95046792  8.71089774 24.11190303 24.73270118 25.49499827 62.19228811
 54.75186297 83.12233255 65.69313763  2.91450516 48.972425   18.51899831
 21.09778053 93.74382039 69.36990696  3.45030687 90.47040298 28.2931341 
 91.98271728 27.04613621 42.52598352 49.14771549 26.55958934 77.50391373
 23.71122545 32.41402916 70.87174861 22.08110021 93.82733176  1.24121146
 49.92341335 30.90026666 35.61902557 22.75400282 46.49542864 89.10632727
 98.15369653 94.19199596 44.16376851 56.46827493 74.71754782 53.19432806
 31.68828945 45.17219344 30.23521646 37.39090528 97.39275966 46.12815085
 33.21501514 91.11324693 36.66008165 22.21399935 85.42437227 11.10440999
 91.94212585 39.59585525 88.7770586  32.51751413 57.63724157 60.5508277 
 33.01288076 54.48188023 99.19788604 36.15119154 81.82814978 89.30283243 
 52.48911028 32.39662531 66.22265004 63.38220647